spawns:
  default:
    world: 942d7eb2-df7f-46b9-b71c-d417e5ba38de
    world-name: world
    x: 117.78973487529166
    y: 64.0
    z: 217.43585315192485
    yaw: 96.60006713867188
    pitch: 80.0999984741211
